0 CBTC车地通信系统弹性分析与优化 301 1 000000000000000000000000000000000000000000000000000100000100000000000000000000000000000010000010000000000000000100000000000000101000000000000000000000
1 通信业知识产权发展影响因素研究 1536 4 000000000000000000000000000000000000000000000010000000000000001000000000000000000000000000000000000000000000000000000000000000000000000000000000000000
2 通信运营业服务创新研究 2731 7 000000000000000000010000111100100000000000000001000000000000000000000000000000000000000000000000000000010001000000000000000000000001000000000000100000
3 移动通信产业链创新系统研究 2840 23 000000000000000000000000000100101010000000000000011001000001000000100000000001001000010000010100000000000100100010011010100100010010000000000100100000
4 基于软硬件协同的机群互连系统通信协议的研究 515 3 000000000000000010000000000000000000000000000000001010000000000010000000000000000000000000000000000000000000001000000000000000000100000000000000000000
5 机群高效通信系统研究 231 5 000000000000000000000100000000000000000000000000000000000000000000000000000000000000000000000000000000000000000000000000100000000000000000000000000000
6 基于SMP结点的机群通信系统关键技术的研究 278 9 001000010000000000000000000000000100010000000000100000001100000000010000000000000100000000000000000000000000011010000001100000100100000000000000100100
7 D2D通信系统的工作模式的选择研究 1081 27 000000000000010000000000000000000000000000010000000000000000000000000000000000000001000000000000000000000000011000000000000000000000000000000100000000
8 即时通信对话的语用语言学分析 0 0 010001000010001000100000000000000000000000000110000000000000101100000010000000100001000000000000001100000011100101000000011000000000000000000000011000
9 水面母船与水下平台间水声通信技术研究 187 0 000010000010000010000010010010000001000000000000101010000000000100000000110000001000000100000000000000000000000000000000000001000000001000010000000111
10 通信系统对电力系统稳定控制的影响研究 900 5 001000000000000100001000000000101000000000000000000000000011010000000000010000000000000010000000000000000000000000000100001010000000000000000000000000
11 航天测控通信系统任务可靠性分配模型与算法研究 357 3 000010000000100000000000000000000000000000000000000000000000000000000000000000100000000000000000000000000000000000000000000000000000000001000000000000
12 无线蜂窝网络中的D2D多播资源分配技术研究 803 4 000000000000000000000000000000001000000000000000000000000000100000000000000000000000000000100000000100000000001000000000000000000000000000000000000000
13 非视距光通信信号处理研究与基带系统设计 1007 13 000100001000001000000010010000000010010110000000000100010000010000010000000100000000000000001000000000000000000000000000000000000000000100000000000001
14 面向多核的系统级MPI通信优化关键技术研究 584 3 000000001001000000000000000100000000000000000100010000000000001000000001000000000000000000000001000001100010010000000000000101000000010000000100011010
15 通信装置、电话机、通信系统、通信方法和通信程序 0 0 000000000000100000000100100100000000100000000000100000001000010010000000100010110000010100000000000010000000010001000001010000000100000010000001000000
16 通信系统 0 0 000001000000000000000000000100000000000000000000000000000000000000000000001000000000010000000000000000000000000000000000001000000000000000010000000010
17 因特网通信系统、因特网通信方法、对话管理服务器、无线通信装置、通信中继服务器及程序 0 0 010000000000000000000011000000000000000000000000000000000000000000000000000000000000101000000000000000000000000000000000000000000000000000000100000000
18 CBTC车地通信系统弹性分析与优化 301 1 000000000000000000000000000000000000000000000000000010000100000001000000100000000000000000000010000000000000010010001000000000100000010001011011000000
19 通信业知识产权发展影响因素研究 1536 4 000000010001100100000100010010000000001000110000010001000000110000000000001010010010000000000100000000010100000000001000110000100000000100000001000000
20 通信运营业服务创新研究 2731 7 000000100001000000000110010000100000001010010000010101010010001001000001000000010010010000000100000001000000000001001000000010000000001001000000000000
21 移动通信产业链创新系统研究 2840 23 000000000000000000000000000000000000000000000000000000000000000000001000000000000000000001100000000000010000000000000000010000000100000000000000000000
22 基于软硬件协同的机群互连系统通信协议的研究 515 3 000000000000000000000000000000000000100000000000000000000000000000000000000000000000000000000000000000000000000000000000000000000000000000000000000000
23 机群高效通信系统研究 231 5 000010000101000000010000001100011101000100000110101000100000001101000000000010010000000000000010000000000000000000000000100101101000000000000000010000
24 基于SMP结点的机群通信系统关键技术的研究 278 9 000000000000000000000000000000000000100000000000000000000000000000010000000000000000000000000000000000000000000000000000000000000000000000000000000000
25 D2D通信系统的工作模式的选择研究 1081 27 000000000000000000000000001000000000011000100000000100000000000001000000010000000100000000000000000000000000000000000001000000000000100000000000000000
26 控制信息发送、接收方法、装置、基站及终端 0 0 010100100000001100010000000000100010100000100000001101010000010000000000010101001100000000000000000000000000000000001001101100010100010101000000000000
27 向无人飞行器提供通信覆盖范围的方法、设备和系统 0 0 000000000000000000000000000000000000000000000000000000000000000001100000000000001000000000000000000000000000001000000000000000000000000001010000000000
28 无线通信装置、无线通信终端、无线通信方法和无线通信程序 0 0 000000000100000000000000000000000000000000000000000000101000000010001010100000000001000110110000000000000110000000000000000000000000000100010000000000
29 融合通信方法、融合通信服务器以及终端 0 0 000000000000001000011000000000001000110000000000010000000100000000001000010000000010000000010000000010010010000100100001000000000000010100000010000001
30 通信装置、电话机、通信系统、通信方法和通信程序 0 0 000000010000000000000000000000000010000000000000000000100001000000000100000001000000000000000000000000000000000000000010000010000000000100000000000000
31 通信系统 0 0 010000011000000000010101010010000000000100100000010000100100100000100100001001000000000000000001000000010000000000000000000000000001110000010101101000
32 因特网通信系统、因特网通信方法、对话管理服务器、无线通信装置、通信中继服务器及程序 0 0 000010000100000000000110000000000000000000000000000000010000010000000000000000000000100000000000000000000000000000000000000000000001001000000000000010
33 CBTC车地通信系统弹性分析与优化 301 1 010000100000000010001001010110001010000000100000000000001000000001000000100000010001100100001010000001001000110000011000000000000011000000000100010000
34 通信业知识产权发展影响因素研究 1536 4 010001000000000000000000000010000000000001110000000100000010100001000001100000100000010000000000100000000010000000000000000010001100000000000000001100
35 通信运营业服务创新研究 2731 7 000000100000000000001000000000001000000010000000001000000000000000010000000000000000000000010000000000000000100000000000000000000000000000000000000001
36 移动通信产业链创新系统研究 2840 23 001000000000001110000100000000101000000000100100000100000001000000000000001000000101011101000000000000000010100000101000000000000000001000000000000000
37 基于软硬件协同的机群互连系统通信协议的研究 515 3 000010010000010010000100010000010100000000010100000000000000000000000100000000000101000100000001010010000000000000010000000001000000000000000000010011
38 机群高效通信系统研究 231 5 000101000100000010100010001000000010010000100000001100000001010000011100000000010000000000000000010000100101000100000010000001000100010000000001000010
39 基于SMP结点的机群通信系统关键技术的研究 278 9 000100010000000000000100100000000000000000011000000000000000000000001000001001000001000000000000001000000010100000001000000000000000000000000000000000
40 D2D通信系统的工作模式的选择研究 1081 27 001010000000000000100000000100000001000000010000000010001001001000000001000010100010000000000000001000000101110110000010100000100011010000000010000001
41 控制信息发送、接收方法、装置、基站及终端 0 0 000000010000001000000000001000000000000000001000000000000000010000000000010000000000000000100000000111000000110100000000000000000000000001000000000000
42 向无人飞行器提供通信覆盖范围的方法、设备和系统 0 0 000000000111100001000000001000000100000000000000000000010000000000100000000001000000000000010010000000000000000000001001001000000000000000000000100100
43 无线通信装置、无线通信终端、无线通信方法和无线通信程序 0 0 000001010000100000000000010000000000000001000100000001000000000001000000010001000100000000000001000000000000100000000000000000000100000001000100000100
44 融合通信方法、融合通信服务器以及终端 0 0 100010001000000000001000100001000000000010000000000000000100100000001010000000000100000000000101000000001000000100000000000000000000010000000000010000
45 CBTC车地通信系统弹性分析与优化 301 1 000000000000000000000000000000000000000000000000000000100000000010000000000000000000000000001000000000000000000000000000000000000000000000000000000000
46 通信业知识产权发展影响因素研究 1536 4 000000000000000000001000000000000000000000000000000000000000000000000000000000000000000000000010000000000000000000000000000000000000000000000000000000
47 通信运营业服务创新研究 2731 7 010100000000000000000100000001000000000000000000000000000000000000000000000000000000100000100000000000000000000000000000000000000000000000000000000000
48 移动通信产业链创新系统研究 2840 23 000000100000000000000000000000000000000000001001000000000110100000100001010000000000000010100000000001000010000001010100000000011000000000000000000000
49 基于软硬件协同的机群互连系统通信协议的研究 515 3 100100100100000010001000000000001101100000000010000000000000001000110001000001010001001000100000000001000000000000000000100000000000010001000000000000
50 机群高效通信系统研究 231 5 100100001010010000100100000001000000000011011100100100001000000000000100000000000010000000000000000000000011000100001000000001110000000100011000000101
51 基于SMP结点的机群通信系统关键技术的研究 278 9 000000000000000000000000000000000000000100000000100000000000000000000100000000000000000000000000000000000000000000000000000000000000000000000000000000
52 D2D通信系统的工作模式的选择研究 1081 27 000000010000001100000110000100000000000010000000010000000100000000100010001000100000010110000000100100000000100000100000000100001100101001000000000001
53 即时通信对话的语用语言学分析 0 0 000000001000000010000000010000100000100000000000000000000000000000000000000011000001001100011100000001001000000000100000100000000000000000001000000000
54 水面母船与水下平台间水声通信技术研究 187 0 000000000000000000000000000000000000000101000100000001000000001000100010000000010000000000000000100001011000000010110010000000100000100000101000000100
55 通信系统对电力系统稳定控制的影响研究 900 5 000000000000000000000000000000000000000010000000000000000000000000000000000000000000000000100000000000000000000000000000000000000000000000001000000000
56 航天测控通信系统任务可靠性分配模型与算法研究 357 3 000001000000001100000000010000000100000011001000110000000000100001000000010100001001010010000000001000000111000000000000100100100000000000010110000000
57 无线蜂窝网络中的D2D多播资源分配技术研究 803 4 001100100100000000000000001111001000000000000001000011001001001000000000000010000001100000000000000010010000000000000000010010000000000000000000001100
58 非视距光通信信号处理研究与基带系统设计 1007 13 000000100001100010100000000111000100000001000100010100001000000000000010000010000001100001000110000000001010000000000000000001100000100010100000000010
59 面向多核的系统级MPI通信优化关键技术研究 584 3 000000000000000000000000010010000100010000000010000010000000000000000000000001000000010000001000000000000010000000001001110000000000000010000000001000
60 通信装置、电话机、通信系统、通信方法和通信程序 0 0 000000100000110000100101000000000000100000001001000100000100000000000001100000100000000010100000000000000001110000010000000000000000010000010001000011
61 通信系统 0 0 000000000000000000000000000000000000000000000000100000000000000000000000000000000000000011011000000000000000000000000000000000000000000000100000000000
62 因特网通信系统、因特网通信方法、对话管理服务器、无线通信装置、通信中继服务器及程序 0 0 000010010100000000101000000010100000100000000000000110000111000000110100000000000000001000001000001000111000000100100000000000000100000000110000010001
63 CBTC车地通信系统弹性分析与优化 301 1 000000000000000000000000000000000000000000000000000000000000000000010000000000000000000000000000000000000000000000000000000000000000000000000000000000
64 通信业知识产权发展影响因素研究 1536 4 000110000000001000000000000100000000000000000000000010010001000000000000000010000000000000000010000000000000000000101000000000001000000000000000000000
65 通信运营业服务创新研究 2731 7 000010000000010000000000000000100100000000000000000000000000110010000010000000010000000000000010010100000000000000000000000001011000010010001000000000
66 移动通信产业链创新系统研究 2840 23 000100100010010000000000010100110100000000010100110000000000000000000011010001100000010001000000000000000010001100000000100000000000000000000000001010
67 基于软硬件协同的机群互连系统通信协议的研究 515 3 110000000000000000000011000000000101000000001010000000000001100100000000000000100000000001000000100000000000000100000100010000000000000000000000000000
68 机群高效通信系统研究 231 5 000010001000000000000000010000000000000000000000000000000000000000000000000000000000010000100100000000000000000000000000001000100001000000000000000000
69 基于SMP结点的机群通信系统关键技术的研究 278 9 000000000000000010001000000000000010000000001000001100000000000100010010001001000001000000000001000000000000001000000000000000000000010000001100000000
70 D2D通信系统的工作模式的选择研究 1081 27 000000000000000010000000000000000000000000000000000000000000000000000001000000000000100100000000000000000000000000000000000000000000000000000000000000
71 控制信息发送、接收方法、装置、基站及终端 0 0 000000001000000000000000000000000100000000000000000001000000010000010000000000000000001000000010000000000000000000000000000000000000000000000000000000
72 向无人飞行器提供通信覆盖范围的方法、设备和系统 0 0 000000000000000000000000000001010000001000010000000000011000000000000000000100000000000000000000000000010100000100001000000000100000100000000000000000
73 无线通信装置、无线通信终端、无线通信方法和无线通信程序 0 0 001000010100000001000000000000000100000000000100000000000000000001000100000000000000000010000000000000000000000000000000000000000010000000101000000000
74 融合通信方法、融合通信服务器以及终端 0 0 001100000001000000001000100110000000000010000000001100000000000001000000010000100000110000100000011100000000000000101000001000000000000100000001001000
75 通信装置、电话机、通信系统、通信方法和通信程序 0 0 001000010000000000100000000000000000000010001000000100001001000000000000000000000001101000011010100000100000000001100100100000000100100000000100000000
76 通信系统 0 0 000110001000000001000000000000100000000000010000010000000000000000000010000100010000000000000100000000001001010000001000000100100000000000010001001010
77 因特网通信系统、因特网通信方法、对话管理服务器、无线通信装置、通信中继服务器及程序 0 0 000000010000000000000100000000000000000000000000000000000001000100000000000000000000000010000000000010000000000000100001101000010000000000010000000000
78 CBTC车地通信系统弹性分析与优化 301 1 000000001000000001000000000000001000000100000000000010100000000000000100000010000000000000000010000000000000000001001000000000000010000000000000000101
79 通信业知识产权发展影响因素研究 1536 4 010000000000000000000000000000000001000001000000000000010000000000001000000000000100000000000000100100000001000000100000011100000000000100101100000000
80 通信运营业服务创新研究 2731 7 000100011000100001000010000010110000101000000000100010000000010000000000000101010001000000100000000000000001010000000000001000000000000000000000100000
81 移动通信产业链创新系统研究 2840 23 000000010000010000000000000101000000000000000000000000001000000000000000000000100001000000000000000000100000000000000000000000000001000000010000100001
82 基于软硬件协同的机群互连系统通信协议的研究 515 3 000000000000000000000000000000000000000000000000000000000000000000000000000000000000000000000000000000000000000000000000000000000000000000000000000010
83 机群高效通信系统研究 231 5 000010001000100000010000000000000000000000000000000000000000000000000000000100000000001000000000010000000000000000000000000000000000000000000000000000
84 基于SMP结点的机群通信系统关键技术的研究 278 9 000100000000000000011000000011000000000000010000000000000000000000100001000000000010000011000010000000000000000000101000000000000000000000010000000000
85 D2D通信系统的工作模式的选择研究 1081 27 000101000000000100000010010010000000001000000111011000000000000000101010000010000000100000001000000001101000100000000000000001100000000000000001000100
86 控制信息发送、接收方法、装置、基站及终端 0 0 010000000000000000000010010100100010000000000001000001001000000000000000000000000110000000000100000000100100000010000000000000010000000000000000000000
87 向无人飞行器提供通信覆盖范围的方法、设备和系统 0 0 000001000000000000000000001000000000110000100000000000001000000000000000100000110000110000000001000000001000000010100000100000000000000000000000000000
88 无线通信装置、无线通信终端、无线通信方法和无线通信程序 0 0 000001001000010000100100101010000000000000100000001000000000000000000000100001000000000001000000010000000000000010000001000000010010001000010001001001
89 融合通信方法、融合通信服务器以及终端 0 0 001000000100000100000010100000100101000010000000000000000000000000000000000000000000000100000000000100000010000011000010000100000000010100000001000001
90 通信装置、电话机、通信系统、通信方法和通信程序 0 0 100000000000000000001000000000000000001000000100000000000000000000001000000010000000000000000011000000000000100000010000000000000000000100000100000000
91 通信系统 0 0 000000000000000000000000000000000000000000000000010000000000000000000000000000000000000000000000000000000000000000000000000000000000000000000000000000
92 因特网通信系统、因特网通信方法、对话管理服务器、无线通信装置、通信中继服务器及程序 0 0 100001000000000000000000000000000000000000000000010000000000000000001000110001000000100000000010000000100000100000000000000001000000000000000000000000
93 CBTC车地通信系统弹性分析与优化 301 1 000000001000000000000000000000000001000000010000000000000000000000000000000100000000000000000000000000010010000000000100011000000000000000000000000000
94 通信业知识产权发展影响因素研究 1536 4 000000000000000000000000000000001000000000000000000000000000000000010000000000100000000000000000000000010001001000000000000001010000000100000000000000
95 通信运营业服务创新研究 2731 7 000000100000000000000000000000000000000000010000000000000000000000000000000000000000000000000000000000000000000000000000100000000000000000000000000000
96 移动通信产业链创新系统研究 2840 23 000000001000010000001000000000000000000010000000010110000000000001001000000001000100000000000000000010001011000000100100000100000001000000000000000000
97 基于软硬件协同的机群互连系统通信协议的研究 515 3 000000001010000000010010000010100000000010100000000000010000000000010000000000000001000000000100001000001000000000011000000000000000000000000000000000
98 机群高效通信系统研究 231 5 000000000000000000000001000000000000000000000000000000001000000000000000000000010000000000000000100000000000000000000000000000000000000000000000000000
99 基于SMP结点的机群通信系统关键技术的研究 278 9 000100000000000010100000010000000010000111000000000011000000100000001010001000000001000011000000000000000000100001000101001000000000110000000000010100
100 D2D通信系统的工作模式的选择研究 1081 27 000100000000010100000000000001100000101101000000010110010001000000000000001100011000100000000010000000000100100000100000000000001001000000001000001100
101 控制信息发送、接收方法、装置、基站及终端 0 0 010001001000000000000000000000000000000010100000110000000000000000010000100000010100100000000000010000010010100001000000000000000001000000101000000010
102 向无人飞行器提供通信覆盖范围的方法、设备和系统 0 0 000000010000010001000001000000010000000100100000000000000001000001100000000010000000000101000100000000010000000000011000001000010000001100000000000000
103 无线通信装置、无线通信终端、无线通信方法和无线通信程序 0 0 000001010000000001000000000000000000100100000000100000101000100000000000001000000000010000000000010001000000000000100010010011000010000101000000000000
104 融合通信方法、融合通信服务器以及终端 0 0 000000001000000000000000000000000100000000000000000000000000000000000000000000100000000000000000000000010000000000000010000000000000000000000000000000
105 通信装置、电话机、通信系统、通信方法和通信程序 0 0 001000000000000000000000000000000000000000000000000000000000000000000000000000000000000000000000000000000000000000000000000000000000000000000000000000
106 通信系统 0 0 000000000000000000000000000000000000000010000000000000000000000000000000000000000000000000000000000000000000000000000000000000000000000000000000000000
107 因特网通信系统、因特网通信方法、对话管理服务器、无线通信装置、通信中继服务器及程序 0 0 000000010001000001001100000000000000000000011010001000000000000000010000001100000010000001000000000000000000000100000000000000000000000000000000000000
108 CBTC车地通信系统弹性分析与优化 301 1 000000000000000000000000000100000000000000000000000000000000000000000000000000000000000000000000000001000100000000000000000000000000000000000110101000
109 通信业知识产权发展影响因素研究 1536 4 000000000000000000000001000000110000000000000000010000100000000000000100000000000000000000000000000000000000000000000000000000000000000000000000100000
110 通信运营业服务创新研究 2731 7 000000000000000110001100000110000100000000000000000000000000000000010000000000000000100010000000000000000100000010000000000000000000000000100001000000
111 移动通信产业链创新系统研究 2840 23 000000001000000000010000000000010000000000000000000000000000000001000001000000000000000000000100000000000000000000000000000000100100000000000000000000
112 基于软硬件协同的机群互连系统通信协议的研究 515 3 000000000000000000000000000000000000000000000000000000000000000000000000000000000000000000000000010000000000000000000000000000000000000000000000000000
113 机群高效通信系统研究 231 5 000000000000000000000000000100000010000000101000000000000000010000000000000000000100000000000000000000000000000000000100000000000000000000000000000000
114 基于SMP结点的机群通信系统关键技术的研究 278 9 000000000000000000000000000000000000000000000000000000000000000000000000000000000000000000000000000000000100000000000000000000000000000000000000000000
115 D2D通信系统的工作模式的选择研究 1081 27 000001000000000000000000010000000000000000000010000000000000000001000110000000101001000001000010000000000000000000100000001100100010000001000000000000
116 控制信息发送、接收方法、装置、基站及终端 0 0 010001000000000100001000010000001000000000000001000001000000000000000001000001000010000000000000101111000000100000110100100000000000000000000110000000
117 向无人飞行器提供通信覆盖范围的方法、设备和系统 0 0 000000000000000000000000000001000000011000000000000100010000100000011000000000100000000010100000000000000001011000000000000000000001000000000000000000
118 无线通信装置、无线通信终端、无线通信方法和无线通信程序 0 0 110000000000000001000010000000001010000000000001000000000000000000000000000000000000011000000000100000000000000100000000100000000010100000100000000000
119 融合通信方法、融合通信服务器以及终端 0 0 000000000000000000010000000000010000000000000000010000010000101000000000000000000000000000000000001000000000010000000000000001000000000000000000000000
120 通信装置、电话机、通信系统、通信方法和通信程序 0 0 000000100000110010000000000000000000000000000000001000100000000000000000000100000001000001000000110000000000000000000000000000010000000000000000000000
121 通信系统 0 0 001000000010000010001000000000000000000100001000001000100001000110000000000000100000000011000000000010000000000001010000000001000000000000010000110000
122 因特网通信系统、因特网通信方法、对话管理服务器、无线通信装置、通信中继服务器及程序 0 0 000000000000000111100100000000001100000011000001000000110000000000000000000000000010000010001010000000100011100010100010100010001000001000001000000000
123 CBTC车地通信系统弹性分析与优化 301 1 100000000000000000000000000000000000000000000000000000011000000000000000000000000000000000000000000000000000000000000000000000000000000000000000000000
124 通信业知识产权发展影响因素研究 1536 4 000000000000000000000000000000001100000010100000000000000000000000000000000000000000000001000000000000000000000100000001000000000100000000100000000000
125 通信运营业服务创新研究 2731 7 000010000000000000000000000000000000000000010000000000000000000001000000000000000000000000000000000000000000000000000000000000000000000000000000000000
126 移动通信产业链创新系统研究 2840 23 010000000000000000000000000100001000010000000000000000010000000100000000000000000100000000000010011000000100000001000100000000010000000010000000000000
127 基于软硬件协同的机群互连系统通信协议的研究 515 3 000000000000010100000000100001000000000000100000100000000001110000000010000001010101001001000000010001100000000100000000000000000000000001000100000000
128 机群高效通信系统研究 231 5 101000001000000001000000100100000000000000000000000000000000000000000000000000000100000000000000000000000000001000000000000000000000000010000000000000
129 基于SMP结点的机群通信系统关键技术的研究 278 9 000000100100001000000000000000001000000001000011001000110000010101000100000000001000001000010100100000000100000000000000001000000000100000001000000010
130 D2D通信系统的工作模式的选择研究 1081 27 000000000000000000000000010000000000000000000100000000000000000000000000000000000000000000000000000000000000000000000000010010000000010000100100000000
131 控制信息发送、接收方法、装置、基站及终端 0 0 000000001000001001000000000010001000000000010000000010100000100001001010010000000000101100000001000000000001111000000000101011000000100000000000010010
132 向无人飞行器提供通信覆盖范围的方法、设备和系统 0 0 000000000000000000000100000000000000010001010000000000000000010000000000000000100100110100000000100000000000000000101000000000100110000010000000000000
133 无线通信装置、无线通信终端、无线通信方法和无线通信程序 0 0 000000010000000000000000000000100001000000000000000011000000100000000000000100000000000000000000000000000000000000000000000000000000000000000000001000
134 融合通信方法、融合通信服务器以及终端 0 0 010000000000000001000110000000001010000000000011000000001100101000000000000000001000000001000000000000001000000000000000011010000010010000000011000001
135 通信装置、电话机、通信系统、通信方法和通信程序 0 0 001000000000000010000110000001000000000000000000010000101000000000000000000000000000001000000000000000000000100000000000001100000010000000000000010001
136 通信系统 0 0 000000010000000001001010100000000010000010010000011001000000000100000011001000000000001000000001000000000000000100100000000000010001000000000000000000
137 因特网通信系统、因特网通信方法、对话管理服务器、无线通信装置、通信中继服务器及程序 0 0 000000000000000000000000000000000000000000000000000000001000000000100000000001000001100000000000000000000000000000000000000000001100000000000000000000
138 CBTC车地通信系统弹性分析与优化 301 1 000000000001010000010000000000000000100000000001001000000000000000100000000010000000100010000010000000000110000000000000000000100000000100000100001000
139 通信业知识产权发展影响因素研究 1536 4 000100000000000000000000100000000000000100001000110000001000010000000000100001011000000001000100000000000000000000101010000100100000000000000000001110
140 通信运营业服务创新研究 2731 7 000001000000000000000101000100010000000000000000000000000000000000000000010000000100010000000000000000000010000000000010000000000000000000000000000000
141 移动通信产业链创新系统研究 2840 23 110000000010010000000011000000010000000010110000101011000100000000000100000010001000000000000000000100000001010000100001000000100000000001010001000000
142 基于软硬件协同的机群互连系统通信协议的研究 515 3 100000000000000000001000000010010100000000001000000000010000000010000000010000010001010000000001100000000000100000000000010010000010010000001000000000
143 机群高效通信系统研究 231 5 010000001100000001000000000000011000000000000000000100000000000000000000000000000000100000001000000010000001000000000100000000001010000000001000000100
144 基于SMP结点的机群通信系统关键技术的研究 278 9 101001000001000000000010000100100001000000000010000001000000101000000000000000000010100001000000000001001000010000100000001100000000000000000010000000
145 D2D通信系统的工作模式的选择研究 1081 27 000000000000111000000000000000000000001000000000100100010000000000000000000100000000000110001000000000100000000000000101000010000000000010000010000000
146 控制信息发送、接收方法、装置、基站及终端 0 0 000000000000000000000101010000000000000000001100000000010000000000000100001110100100001000100000100000100101001000010100010010010000100000001000100000
147 向无人飞行器提供通信覆盖范围的方法、设备和系统 0 0 000000010010000000010000001000110000000000000000000000000010000000000000000101000000100000100000000001001100000100000000000001001000001010100000000001
148 无线通信装置、无线通信终端、无线通信方法和无线通信程序 0 0 000000000010000001101000000000000010000000000001000000000000000000000001000000001000100000000000000000000000000001000000001000000000100000000010000000
149 融合通信方法、融合通信服务器以及终端 0 0 000000000101000001000000000000000000000001000000000100000100000000000011010000000010010000000001000000000000100000000000001001000100101000000011001000
